CRVAL1 = DEC
CRVAL2 = RA
CDELT1 = 2.0138889E-05
CDELT2 = -2.0138889E-05
CROTA2 = 0.0
DELTARA = 0.0
DELTADEC = 0.0
