CRVAL1 = RA
CRVAL2 = DEC
CDELT1 = 2.0138889E-05
CDELT2 = 2.0138889E-05
CROTA2 = 0.0

