CRVAL1 = RA
CRVAL2 = DEC
CDELT1 = 2.258333333333333e-5
CDELT2 = 2.258333333333333e-5
CROTA2 = 0.0

