CRVAL1 = RA
CRVAL2 = DEC
CDELT1 = 2.666666667E-6
CDELT2 = 2.666666667E-6
CROTA2 = 0.0
DELTARA = 0.0
DELTADEC = 0.0

