CRVAL1 = RA
CRVAL2 = DEC
CDELT1 = 5.0555555555555555e-6
CDELT2 = 5.0555555555555555e-6
CROTA2 = 0.0

